Frequencies of images of nut fullerenes

156 : [-2, 1]
1 : [-25, -22, -19, -16, -13, -10, -7, -4, 2, 5, 8, 14, 17, 20, 23]
1 : [-9, -8, -7, -6, -4, -3, -2, -1, 1, 2, 3, 4, 5, 6]
1 : [-19, -18, -17, -16, -15, -13, -12, -10, -8, -7, -6, -5, -4, -3, -2, -1, 1, 2, 3, 4, 5, 6, 7, 8, 10, 12, 13, 15, 16, 17, 18, 19]
1 : [-4, -1, 2]
1 : [-14, -11, -8, -5, -2, 1, 4, 7, 10, 13]
1 : [-79, -76, -75, -72, -69, -68, -62, -58, -57, -54, -52, -50, -49, -47, -44, -40, -39, -36, -35, -33, -32, -31, -30, -29, -27, -26, -23, -22, -20, -19, -18, -14, -13, -12, -6, -3, 3, 6, 12, 13, 14, 18, 19, 20, 22, 23, 26, 27, 29, 30, 31, 32, 33, 35, 36, 39, 40, 44, 47, 49, 50, 52, 54, 57, 58, 62, 68, 69, 72, 75, 76, 79]
1 : [-14, -8, -5, -2, 1, 4, 7, 10]
1 : [-4, -3, -2, -1, 1, 2, 3, 4]
1 : [-7, -4, -1, 2, 5]
1 : [-22, -10, -4, -1, 2, 5, 11]
1 : [-14, -5, -2, 1, 4, 7]
1 : [-86, -44, -38, -35, -29, -26, -8, -5, -2, 7, 10, 13, 16, 31, 37, 43, 73]
2 : [-10, -4, -1, 2, 5]
1 : [-16, -12, -11, -8, -5, -4, -3, -1, 1, 2, 6, 8, 9, 10, 15]
1 : [-16, -7, -4, -1, 2, 5, 8]
1 : [-38, -18, -16, -15, -12, -8, -7, -1, 1, 2, 6, 7, 8, 9, 14, 19, 30]

Images of nut fullerenes and corresponding indices

[0, 2, 3, 4, 5, 8, 9, 10, 11, 12, 17, 19, 21, 22, 23, 24, 25, 26, 27, 28, 29, 30, 31, 33, 34, 35, 36, 37, 38, 39, 40, 41, 42, 43, 44, 45, 46, 47, 48, 49, 50, 51, 52, 53, 54, 55, 56, 57, 58, 60, 61, 62, 63, 64, 66, 67, 68, 69, 70, 71, 72, 73, 74, 75, 76, 78, 79, 80, 81, 82, 83, 84, 85, 86, 87, 88, 89, 90, 91, 92, 93, 94, 95, 96, 97, 98, 99, 100, 101, 102, 103, 104, 105, 107, 108, 109, 110, 111, 112, 113, 114, 115, 116, 117, 118, 119, 120, 121, 122, 123, 124, 125, 126, 127, 128, 130, 131, 132, 133, 134, 135, 136, 137, 138, 139, 140, 141, 142, 143, 144, 145, 146, 147, 148, 149, 150, 151, 152, 153, 154, 155, 156, 157, 158, 159, 160, 162, 163, 164, 165, 166, 167, 168, 169, 170, 171] : [-2, 1]
[1] : [-25, -22, -19, -16, -13, -10, -7, -4, 2, 5, 8, 14, 17, 20, 23]
[6] : [-9, -8, -7, -6, -4, -3, -2, -1, 1, 2, 3, 4, 5, 6]
[7] : [-19, -18, -17, -16, -15, -13, -12, -10, -8, -7, -6, -5, -4, -3, -2, -1, 1, 2, 3, 4, 5, 6, 7, 8, 10, 12, 13, 15, 16, 17, 18, 19]
[13] : [-4, -1, 2]
[14] : [-14, -11, -8, -5, -2, 1, 4, 7, 10, 13]
[15] : [-79, -76, -75, -72, -69, -68, -62, -58, -57, -54, -52, -50, -49, -47, -44, -40, -39, -36, -35, -33, -32, -31, -30, -29, -27, -26, -23, -22, -20, -19, -18, -14, -13, -12, -6, -3, 3, 6, 12, 13, 14, 18, 19, 20, 22, 23, 26, 27, 29, 30, 31, 32, 33, 35, 36, 39, 40, 44, 47, 49, 50, 52, 54, 57, 58, 62, 68, 69, 72, 75, 76, 79]
[16] : [-14, -8, -5, -2, 1, 4, 7, 10]
[18] : [-4, -3, -2, -1, 1, 2, 3, 4]
[20] : [-7, -4, -1, 2, 5]
[32] : [-22, -10, -4, -1, 2, 5, 11]
[59] : [-14, -5, -2, 1, 4, 7]
[65] : [-86, -44, -38, -35, -29, -26, -8, -5, -2, 7, 10, 13, 16, 31, 37, 43, 73]
[77, 129] : [-10, -4, -1, 2, 5]
[106] : [-16, -12, -11, -8, -5, -4, -3, -1, 1, 2, 6, 8, 9, 10, 15]
[161] : [-16, -7, -4, -1, 2, 5, 8]
[172] : [-38, -18, -16, -15, -12, -8, -7, -1, 1, 2, 6, 7, 8, 9, 14, 19, 30]
