
Frequencies of pentagonal patches of nut fullerenes

0 122
1 1
2 1
3 1
4 17
5 1
6 1
7 1
8 4
9 1
10 1
11 16
12 1
13 5

Pentagonal patch indices of nut fullerenes and corresponding indices

0 [0, 2, 3, 4, 5, 17, 19, 22, 25, 26, 29, 30, 31, 33, 34, 43, 44, 45, 46, 47, 48, 49, 50, 53, 56, 57, 58, 60, 61, 62, 63, 64, 66, 67, 68, 69, 70, 71, 72, 73, 74, 75, 76, 78, 79, 80, 81, 82, 83, 84, 85, 86, 87, 88, 89, 90, 91, 92, 93, 94, 98, 99, 101, 102, 103, 104, 105, 107, 108, 109, 110, 111, 112, 113, 114, 115, 116, 117, 118, 119, 121, 122, 124, 125, 126, 127, 128, 130, 131, 132, 133, 134, 135, 136, 137, 138, 139, 140, 141, 142, 143, 144, 145, 146, 147, 148, 149, 150, 151, 152, 153, 158, 159, 160, 162, 163, 164, 165, 166, 169, 170, 171]
1 [1]
2 [6]
3 [7]
4 [8, 9, 10, 11, 12, 35, 36, 37, 38, 39, 40, 41, 42, 154, 155, 156, 157]
5 [13]
6 [14]
7 [15]
8 [16, 65, 106, 172]
9 [18]
10 [20]
11 [21, 23, 24, 28, 51, 52, 54, 55, 95, 96, 97, 100, 120, 123, 167, 168]
12 [27]
13 [32, 59, 77, 129, 161]
